Obteniendo datos
3.297
3.297
3.297
3.297
3.297
3.297
3.297
3.297
3.297
3.297
3.297
3.297
3.297
3.297
3.297
3.297
3.297
3.297
3.297
3.297
3.297
3.297
3.297
3.297
3.297
3.297
3.297
3.297
3.297
3.297
3.297
3.297
3.297
3.297
3.297
3.297
3.297
3.297
3.297
3.297
3.297
3.297
3.297
3.297
3.297
3.297
3.297
3.297
3.297
3.297
3.297
3.297
3.297
3.297
3.297
3.297
3.297
3.297
3.297
3.297
3.297
3.297
3.297
3.297
3.297
3.297
3.297
3.297
3.297
3.297
3.297
3.297
3.297
3.297
3.297
3.297
3.297
3.297
3.297
3.294
3.294
3.297
3.297
3.297
3.297
3.290
3.294
3.297
3.294
3.297
3.297
3.294
3.290
3.297
3.297
3.297
3.287
3.294
3.290
3.290
3.297
3.284
3.297
3.297
3.297
3.294
3.297
3.297
3.294
3.297
3.294
3.297
3.297
3.297
3.290
3.290
3.284
3.297
3.297
3.297
3.297
3.297
3.297
3.297
3.297
3.297
3.297
3.297
3.294
3.297
3.297
3.290
3.290
3.290
3.297
3.294
3.287
3.290
3.290
3.290
3.290
3.290
3.290
3.290
3.290
3.290
3.290
3.290
3.290
3.290
3.290
3.290
3.290
3.290
3.290
3.290
3.290
3.290
3.290
3.290
3.290
3.290
3.290
3.290
3.290
3.290
3.290
3.290
3.290
3.290
3.290
3.290
3.290
3.290
3.290
3.290
3.290
3.290
3.290
3.290
3.290
3.290
3.290
3.290
3.290
3.290
3.290
3.290
3.290
3.290
3.290
3.290
3.290
3.290
3.290
3.290
3.290
3.290
3.290
3.290
3.290
3.290
3.290
3.290
3.290
3.290
3.290
3.290
3.290
3.290
3.290
3.290
3.290
3.290
3.290
3.290
3.290
3.290
3.290
3.290
3.290
3.290
3.290
3.290
3.290
3.290
3.290
3.290
3.290
3.290
3.290
3.290
3.290
3.290
3.290
3.290
3.290
Obteniendo datos
3.316
3.295
3.295
3.295
3.295
3.295
3.295
3.295
3.295
3.295
3.295
3.295
3.295
3.295
3.295
3.295
3.295
3.296
3.296
3.296
3.296
3.296
3.296
3.296
3.296
3.296
3.296
3.296
3.296
3.296
3.296
3.295
3.295
3.295
3.295
3.295
3.295
3.295
3.295
3.295
3.295
3.295
3.295
3.295
3.295
3.295
3.296
3.296
3.296
3.296
3.296
3.296
3.296
3.296
3.296
3.296
3.296
3.295
3.295
3.295
3.295
3.295
3.294
3.294
3.294
3.294
3.295
3.295
3.295
3.295
3.295
3.295
3.295
3.295
3.295
3.295
3.295
3.295
3.294
3.294
3.294
3.294
3.294
3.294
3.294
3.294
3.294
3.294
3.295
3.295
3.295
3.295
3.295
3.295
3.295
3.295
3.295
3.295
3.295
3.295
3.295
3.295
3.295
3.295
3.295
3.295
3.295
3.296
3.296
3.296
3.296
3.296
3.296
3.296
3.296
3.296
3.296
3.296
3.296
3.296
3.295
3.295
3.295
3.295
3.295
3.296
3.296
3.296
3.296
3.296
3.296
3.296
3.296
3.296
3.296
3.296
3.296
3.296
3.296
3.296
3.296
3.296
3.296
3.296
3.296
3.296
3.295
3.295
3.295
3.295
3.295
3.294
3.294
3.294
3.294
3.293
3.293
3.293
3.293
3.292
3.292
3.293
3.293
3.293
3.293
3.294
3.294
3.295
3.295
3.295
3.295
3.296
3.296
3.296
3.295
3.295
3.295
3.295
3.295
3.294
3.294
3.294
3.294
3.294
3.294
3.294
3.294
3.295
3.295
3.295
3.295
3.295
3.296
3.296
3.296
3.296
3.296
3.296
3.296
3.296
3.295
3.295
3.295
3.295
3.296
3.296
3.296
3.296
3.296
3.296
3.296
3.296
3.296
3.296
3.296
3.295
3.295
3.295
3.295
3.295
3.295
3.295
3.295
3.295
3.295
3.295
3.295
3.296
3.296
3.296
3.296
3.296
3.296
3.296
3.296
3.296
3.296
3.296
3.295
3.295
3.295
3.295
3.295
3.295
3.295
3.295
3.295
3.295
3.295
3.295

Obteniendo datos
3.294
3.294
3.294
3.294
3.294
3.294
3.294
3.294
3.294
3.294
3.294
3.294
3.294
3.294
3.294
3.294
3.294
3.294
3.294
3.294
3.294
3.294
3.294
3.294
3.294
3.294
3.294
3.294
3.294
3.294
3.294
3.294
3.293
3.293
3.293
3.293
3.293
3.293
3.294
3.294
3.294
3.294
3.294
3.294
3.295
3.295
3.295
3.295
3.295
3.295
3.294
3.294
3.294
3.294
3.294
3.294
3.294
3.294
3.294
3.294
3.294
3.294
3.294
3.294
3.294
3.293
3.293
3.293
3.293
3.292
3.292
3.292
3.292
3.292
3.291
3.291
3.291
3.292
3.292
3.292
3.292
3.293
3.293
3.294
3.294
3.294
3.295
3.295
3.295
3.296
3.296
3.296
3.296
3.296
3.296
3.296
3.295
3.295
3.295
3.295
3.295
3.295
3.295
3.295
3.295
3.295
3.295
3.295
3.294
3.294
3.294
3.294
3.293
3.293
3.293
3.293
3.293
3.293
3.293
3.293
3.293
3.293
3.292
3.292
3.292
3.292
3.292
3.292
3.291
3.291
3.291
3.291
3.291
3.291
3.291
3.291
3.291
3.291
3.291
3.291
3.291
3.291
3.292
3.292
3.292
3.292
3.292
3.292
3.292
3.292
3.291
3.291
3.291
3.290
3.290
3.290
3.289
3.290
3.290
3.290
3.290
3.291
3.291
3.292
3.292
3.293
3.293
3.293
3.294
3.294
3.294
3.294
3.294
3.294
3.295
3.295
3.295
3.295
3.295
3.295
3.295
3.295
3.295
3.295
3.295
3.295
3.295
3.295
3.295
3.294
3.294
3.294
3.294
3.294
3.294
3.294
3.294
3.294
3.294
3.294
3.294
3.294
3.294
3.294
3.294
3.294
3.294
3.295
3.295
3.295
3.295
3.295
3.295
3.295
3.294
3.294
3.294
3.294
3.294
3.294
3.294
3.294
3.295
3.295
3.295
3.294
3.294
3.294
3.293
3.292
3.292
3.291
3.291
3.291
3.291
3.291
3.291
3.291
3.291
3.291
3.291
3.292
3.292
3.292
3.292
3.292
3.292
3.292
3.292
3.293

Obteniendo datos
2.408
2.408
2.501
2.521
2.468
2.344
2.161
1.935
1.685
1.434
1.204
1.015
0.885
0.826
0.844
0.936
1.096
1.307
1.551
1.806
2.047
2.254
2.408
2.495
2.508
2.445
2.312
2.121
1.888
1.633
1.378
1.142
0.947
0.808
0.737
0.740
0.816
0.960
1.158
1.396
1.653
1.908
2.140
2.330
2.462
2.526
2.516
2.433
2.283
2.080
1.839
1.581
1.327
1.098
0.912
0.786
0.729
0.746
0.837
0.992
1.200
1.443
1.701
1.952
2.177
2.356
2.475
2.524
2.498
2.401
2.239
2.027
1.782
1.524
1.275
1.055
0.882
0.771
0.731
0.765
0.870
1.038
1.255
1.503
1.761
2.008
2.224
2.390
2.494
2.525
2.483
2.370
2.196
1.975
1.725
1.467
1.222
1.011
0.851
0.754
0.730
0.780
0.899
1.079
1.305
1.557
1.815
2.057
2.264
2.419
2.508
2.525
2.467
2.341
2.155
1.926
1.672
1.415
1.175
0.972
0.824
0.742
0.733
0.798
0.932
1.123
1.356
1.611
1.867
2.104
2.301
2.442
2.516
2.516
2.443
2.302
2.105
1.868
1.612
1.357
1.123
0.932
0.797
0.731
0.739
0.821
0.968
1.170
1.409
1.666
1.919
2.148
2.334
2.461
2.519
2.504
2.415
2.262
2.055
1.814
1.556
1.305
1.079
0.899
0.779
0.729
0.753
0.849
1.010
1.221
1.466
1.725
1.975
2.197
2.372
2.485
2.528
2.496
2.393
2.227
2.011
1.764
1.506
1.257
1.040
0.871
0.765
0.730
0.769
0.879
1.051
1.271
1.519
1.777
2.023
2.236
2.399
2.498
2.525
2.479
2.362
2.184
1.961
1.710
1.453
1.210
1.002
0.846
0.755
0.736
0.792
0.916
1.100
1.328
1.580
1.836
2.075
2.277
2.426
2.508
2.518
2.453
2.321
2.131
1.899
1.644
1.387
1.149
0.950
0.806
0.730
0.727
0.797
0.936
1.132
1.367
1.624
1.880
2.115
2.309
2.446
2.515
2.510
2.432
2.287
2.087
1.849
1.592
1.338
1.108

Obteniendo datos
2.399
2.399
2.497
2.522
2.472
2.353
2.174
1.950
1.701
1.449
1.217
1.026
0.893
0.830
0.844
0.934
1.091
1.301
1.545
1.800
2.043
2.252
2.409
2.499
2.515
2.455
2.326
2.137
1.906
1.651
1.395
1.158
0.959
0.816
0.741
0.738
0.809
0.947
1.141
1.376
1.631
1.886
2.119
2.312
2.448
2.516
2.511
2.433
2.288
2.089
1.851
1.595
1.341
1.111
0.923
0.793
0.732
0.745
0.831
0.982
1.186
1.427
1.684
1.936
2.163
2.345
2.468
2.521
2.501
2.408
2.250
2.041
1.798
1.541
1.290
1.067
0.891
0.775
0.730
0.760
0.861
1.026
1.241
1.488
1.747
1.996
2.215
2.386
2.495
2.532
2.495
2.386
2.215
1.996
1.746
1.487
1.240
1.025
0.860
0.759
0.730
0.775
0.890
1.067
1.290
1.540
1.798
2.042
2.252
2.410
2.504
2.526
2.473
2.351
2.169
1.943
1.690
1.433
1.192
0.986
0.834
0.747
0.733
0.792
0.921
1.107
1.337
1.590
1.847
2.085
2.286
2.432
2.511
2.518
2.451
2.315
2.123
1.891
1.636
1.381
1.147
0.952
0.814
0.743
0.745
0.821
0.963
1.161
1.397
1.653
1.906
2.137
2.326
2.457
2.520
2.509
2.425
2.276
2.072
1.831
1.573
1.319
1.091
0.906
0.780
0.724
0.742
0.834
0.990
1.199
1.443
1.702
1.954
2.179
2.359
2.477
2.525
2.499
2.401
2.238
2.025
1.779
1.520
1.270
1.049
0.876
0.764
0.724
0.758
0.864
1.032
1.250
1.498
1.756
2.004
2.220
2.387
2.490
2.522
2.480
2.366
2.192
1.970
1.720
1.462
1.218
1.007
0.847
0.752
0.729
0.780
0.900
1.081
1.306
1.558
1.815
2.057
2.263
2.416
2.504
2.519
2.461
2.333
2.147
1.918
1.665
1.408
1.169
0.968
0.821
0.740
0.732
0.798
0.932
1.123
1.356
1.611
1.867
2.103
2.300
2.441
2.515
2.514
2.441
2.300
2.103
1.867
1.610
1.355
1.123

Obteniendo datos
0.000
0.000
0.000
0.000
0.000
0.000
0.000
0.000
0.000
0.000
0.000
0.000
0.000
0.000
0.000
0.000
0.000
0.000
0.000
0.000
0.000
0.000
0.000
0.000
0.000
0.000
0.000
0.000
0.000
0.000
0.000
0.000
0.000
0.000
0.000
0.000
0.000
0.000
0.000
0.000
0.000
0.000
0.000
0.000
0.000
0.000
0.000
0.000
0.000
0.000
0.000
0.000
0.000
0.000
0.000
0.000
0.000
0.000
0.000
0.000
0.000
0.000
0.000
0.000
0.000
0.000
0.000
0.000
0.000
0.000
0.000
0.000
0.000
0.000
0.000
0.000
0.000
0.000
0.000
0.000
0.000
0.000
0.000
0.000
0.000
0.000
0.000
0.000
0.000
0.000
0.000
0.000
0.000
0.000
0.000
0.000
0.000
0.000
0.000
0.000
0.000
0.000
0.000
0.000
0.000
0.000
0.000
0.000
0.000
0.000
0.000
0.000
0.000
0.000
0.000
0.000
0.000
0.000
0.000
0.000
0.000
0.000
0.000
0.000
0.000
0.000
0.000
0.000
0.000
0.000
0.000
0.000
0.000
0.000
0.000
0.000
0.000
0.000
0.000
0.000
0.000
0.000
0.000
0.000
0.000
0.000
0.000
0.000
0.000
0.000
0.000
0.000
0.000
0.000
0.000
0.000
0.000
0.000
0.000
0.000
0.000
0.000
0.000
0.000
0.000
0.000
0.000
0.000
0.000
0.000
0.000
0.000
0.000
0.000
0.000
0.000
0.000
0.000
0.000
0.000
0.000
0.000
0.000
0.000
0.000
0.000
0.000
0.000
0.000
0.000
0.000
0.000
0.000
0.000
0.000
0.000
0.000
0.000
0.000
0.000
0.000
0.000
0.000
0.000
0.000
0.000
0.000
0.000
0.000
0.000
0.000
0.000
0.000
0.000
0.000
0.000
0.000
0.000
0.000
0.000
0.000
0.000
0.000
0.000
0.000
0.000
0.000
0.000
0.000
0.000
0.000
0.000
0.000
0.000
0.000
0.000
0.000
0.000
0.000
0.000
0.000
0.000
0.000
0.000
0.000
0.000
0.000
0.000
0.000
0.000

Obteniendo datos
0.008
0.008
0.008
0.010
0.012
0.013
0.013
0.012
0.012
0.012
0.012
0.012
0.012
0.011
0.010
0.010
0.010
0.010
0.010
0.010
0.011
0.012
0.012
0.012
0.012
0.011
0.012
0.013
0.013
0.013
0.011
0.009
0.009
0.010
0.012
0.013
0.011
0.010
0.010
0.010
0.012
0.013
0.014
0.014
0.013
0.011
0.010
0.009
0.010
0.012
0.011
0.010
0.010
0.011
0.013
0.014
0.014
0.012
0.010
0.010
0.010
0.011
0.012
0.012
0.011
0.011
0.011
0.011
0.012
0.013
0.012
0.011
0.011
0.011
0.012
0.012
0.011
0.011
0.010
0.010
0.010
0.011
0.012
0.014
0.014
0.012
0.010
0.009
0.009
0.010
0.011
0.011
0.010
0.010
0.011
0.012
0.013
0.013
0.012
0.012
0.011
0.011
0.011
0.011
0.011
0.011
0.011
0.011
0.012
0.012
0.012
0.011
0.010
0.010
0.011
0.012
0.012
0.011
0.010
0.010
0.011
0.012
0.013
0.013
0.012
0.011
0.009
0.009
0.009
0.010
0.012
0.014
0.016
0.016
0.014
0.011
0.008
0.007
0.008
0.012
0.014
0.015
0.013
0.010
0.009
0.010
0.011
0.012
0.013
0.013
0.013
0.012
0.010
0.009
0.008
0.009
0.011
0.012
0.014
0.014
0.013
0.012
0.012
0.011
0.011
0.010
0.010
0.010
0.011
0.011
0.012
0.013
0.014
0.013
0.011
0.008
0.008
0.010
0.012
0.013
0.013
0.013
0.012
0.011
0.011
0.011
0.012
0.012
0.013
0.012
0.010
0.008
0.008
0.009
0.012
0.015
0.016
0.014
0.011
0.009
0.009
0.010
0.013
0.014
0.014
0.013
0.012
0.012
0.012
0.012
0.012
0.010
0.009
0.008
0.009
0.011
0.014
0.014
0.013
0.011
0.010
0.011
0.012
0.013
0.011
0.010
0.010
0.011
0.012
0.012
0.012
0.011
0.011
0.012
0.012
0.013
0.013
0.013
0.012
0.011
0.010
0.011
0.011
0.011
0.010
0.008
0.008
0.010
0.012
0.015

Obteniendo datos
-0.440
-0.439
-0.376
-0.260
-0.106
0.065
0.227
0.356
0.432
0.445
0.396
0.292
0.146
-0.023
-0.190
-0.330
-0.420
-0.448
-0.412
-0.320
-0.183
-0.017
0.153
0.299
0.401
0.444
0.425
0.348
0.221
0.061
-0.110
-0.266
-0.382
-0.441
-0.438
-0.374
-0.257
-0.101
0.070
0.232
0.359
0.433
0.446
0.396
0.289
0.139
-0.031
-0.197
-0.333
-0.421
-0.448
-0.413
-0.319
-0.177
-0.008
0.161
0.305
0.404
0.445
0.424
0.343
0.213
0.052
-0.118
-0.271
-0.384
-0.442
-0.436
-0.369
-0.249
-0.093
0.078
0.237
0.362
0.434
0.443
0.390
0.282
0.133
-0.035
-0.199
-0.335
-0.422
-0.448
-0.410
-0.314
-0.172
-0.005
0.163
0.307
0.406
0.446
0.423
0.341
0.210
0.046
-0.124
-0.276
-0.387
-0.442
-0.433
-0.364
-0.244
-0.089
0.080
0.239
0.365
0.437
0.446
0.389
0.276
0.125
-0.043
-0.205
-0.339
-0.423
-0.446
-0.406
-0.308
-0.167
0.000
0.168
0.312
0.410
0.448
0.422
0.337
0.203
0.039
-0.131
-0.282
-0.392
-0.444
-0.432
-0.360
-0.236
-0.079
0.090
0.248
0.369
0.437
0.440
0.382
0.270
0.119
-0.050
-0.211
-0.342
-0.423
-0.445
-0.403
-0.304
-0.159
0.009
0.176
0.316
0.410
0.446
0.419
0.333
0.197
0.031
-0.140
-0.288
-0.393
-0.442
-0.429
-0.357
-0.233
-0.074
0.097
0.255
0.374
0.439
0.440
0.379
0.264
0.112
-0.056
-0.216
-0.347
-0.428
-0.447
-0.402
-0.299
-0.152
0.017
0.183
0.322
0.414
0.446
0.416
0.327
0.191
0.026
-0.144
-0.293
-0.398
-0.444
-0.428
-0.352
-0.226
-0.068
0.102
0.259
0.378
0.441
0.440
0.376
0.260
0.106
-0.065
-0.226
-0.354
-0.430
-0.444
-0.396
-0.293
-0.146
0.023
0.189
0.328
0.418
0.447
0.413
0.322
0.183
0.017
-0.152
-0.298
-0.400
-0.444
-0.426
-0.348
-0.220
-0.060
0.110
0.265
0.381
0.442
0.438
0.373
0.255
0.100
-0.071
-0.231
-0.358
-0.433
-0.446
-0.395

Obteniendo datos
0.280
0.280
0.153
-0.149
-0.282
-0.100
0.204
0.280
0.023
-0.277
-0.279
0.135
0.447
-0.006
-0.319
-0.220
0.117
0.292
0.135
-0.172
-0.281
-0.070
0.213
0.262
0.013
-0.247
-0.233
0.044
0.266
0.202
-0.103
-0.284
-0.149
0.155
0.281
0.095
-0.196
-0.270
-0.040
0.235
0.244
-0.016
-0.264
-0.213
0.077
0.281
0.164
-0.129
-0.278
-0.127
0.181
0.278
0.064
-0.218
-0.262
-0.006
0.254
0.229
-0.051
-0.277
-0.190
0.113
0.282
0.141
-0.159
-0.281
-0.090
0.205
0.274
0.017
-0.227
-0.246
0.025
0.265
0.207
-0.083
-0.280
-0.165
0.137
0.283
0.113
-0.184
-0.276
-0.059
0.225
0.255
0.004
-0.257
-0.237
0.073
0.274
0.180
-0.114
-0.281
-0.137
0.162
0.282
0.085
-0.211
-0.266
-0.027
0.254
0.226
-0.027
-0.270
-0.202
0.091
0.280
0.155
-0.138
-0.284
-0.108
0.189
0.272
0.059
-0.235
-0.253
0.009
0.259
0.223
-0.069
-0.277
-0.178
0.120
0.284
0.131
-0.171
-0.281
-0.076
0.219
0.257
0.022
-0.249
-0.235
0.041
0.270
0.198
-0.099
-0.279
-0.152
0.145
0.283
0.106
-0.198
-0.270
-0.051
0.240
0.252
-0.020
-0.262
-0.212
0.074
0.278
0.173
-0.130
-0.279
-0.124
0.175
0.273
0.074
-0.218
-0.258
-0.016
0.252
0.232
-0.047
-0.270
-0.193
0.098
0.287
0.147
-0.157
-0.280
-0.098
0.203
0.266
0.040
-0.236
-0.249
0.022
0.261
0.217
-0.083
-0.278
-0.171
0.138
0.279
0.115
-0.174
-0.277
-0.066
0.226
0.249
0.011
-0.253
-0.229
0.056
0.273
0.187
-0.111
-0.281
-0.142
0.161
0.280
0.091
-0.207
-0.267
-0.032
0.244
0.242
-0.030
-0.267
-0.207
0.089
0.278
0.162
-0.138
-0.282
-0.115
0.190
0.273
0.058
-0.231
-0.251
0.005
0.254
0.221
-0.059
-0.272
-0.191
0.121
0.281
0.139
-0.170
-0.278
-0.081
0.210
0.262
0.027
-0.244
-0.242
0.038
0.267
0.203
-0.094
-0.278
-0.160
0.147
0.277
0.110

Obteniendo datos
0.050
0.032
-0.004
-0.039
-0.054
-0.040
-0.006
0.031
0.051
0.042
0.010
-0.029
-0.052
-0.048
-0.018
0.021
0.048
0.048
0.021
-0.018
-0.048
-0.053
-0.031
0.007
0.041
0.051
0.034
-0.003
-0.039
-0.055
-0.041
-0.006
0.031
0.051
0.042
0.010
-0.028
-0.052
-0.048
-0.019
0.020
0.046
0.047
0.021
-0.017
-0.046
-0.052
-0.030
0.008
0.041
0.051
0.032
-0.005
-0.040
-0.054
-0.040
-0.005
0.032
0.051
0.041
0.009
-0.028
-0.051
-0.047
-0.019
0.020
0.046
0.047
0.021
-0.017
-0.047
-0.052
-0.030
0.008
0.041
0.051
0.032
-0.005
-0.040
-0.054
-0.040
-0.005
0.031
0.050
0.041
0.009
-0.029
-0.052
-0.047
-0.018
0.020
0.047
0.047
0.022
-0.016
-0.046
-0.051
-0.030
0.007
0.039
0.050
0.033
-0.003
-0.038
-0.053
-0.040
-0.007
0.030
0.049
0.041
0.010
-0.027
-0.051
-0.047
-0.019
0.019
0.046
0.047
0.022
-0.017
-0.047
-0.052
-0.030
0.008
0.041
0.052
0.033
-0.004
-0.040
-0.055
-0.041
-0.005
0.032
0.051
0.041
0.009
-0.028
-0.052
-0.048
-0.019
0.019
0.047
0.048
0.022
-0.017
-0.047
-0.053
-0.030
0.008
0.041
0.051
0.033
-0.003
-0.038
-0.053
-0.040
-0.006
0.030
0.050
0.042
0.010
-0.027
-0.051
-0.048
-0.019
0.019
0.046
0.047
0.022
-0.015
-0.046
-0.052
-0.031
0.007
0.040
0.050
0.033
-0.003
-0.038
-0.053
-0.040
-0.006
0.031
0.051
0.042
0.009
-0.029
-0.052
-0.048
-0.019
0.020
0.047
0.048
0.022
-0.016
-0.046
-0.052
-0.030
0.007
0.039
0.050
0.033
-0.003
-0.038
-0.053
-0.040
-0.006
0.031
0.050
0.042
0.010
-0.028
-0.051
-0.048
-0.019
0.020
0.047
0.047
0.022
-0.017
-0.047
-0.052
-0.030
0.007
0.040
0.051
0.033
-0.003
-0.039
-0.054
-0.041
-0.006
0.031
0.051
0.042
0.009
-0.029
-0.052
-0.047
-0.018
0.021
0.047
0.047
0.021
-0.017
-0.047
-0.052
-0.030
0.007
0.040

